0 39 18 7 16 32 16 9 24 8 4 13 39 8 1 49 45 14 19 6 17 42 36 8 9 44 32 17 40 6 15 15 42 17 25 29 10 43 2 19 1 24 18 29 47 42 29 2 22 3 17 21 42 25 13 29 28 21 5 24 8 22 16 1 27 37 3 47 48 7 43 43 41 23 47 41 37 35 31 16 10 27 12 23 19 26 41 17 3 39 1 6 43 5 46 17 24 28 12 48
39 0 8 43 15 32 26 12 31 10 2 3 36 36 24 41 3 4 46 7 23 13 38 10 24 2 33 35 30 8 48 22 31 32 40 13 20 23 14 25 8 18 38 33 31 7 28 7 19 4 26 9 2 17 38 40 37 21 33 41 48 47 20 16 42 37 45 6 4 2 24 13 6 8 43 42 13 23 18 46 39 37 31 20 38 47 19 10 9 11 1 11 44 42 5 48 18 36 19 32
18 8 0 48 40 3 25 10 32 1 30 36 4 35 28 30 36 4 49 20 27 45 23 26 22 1 29 5 20 15 19 33 3 36 12 30 39 41 6 2 25 36 18 42 13 18 21 5 45 11 21 12 22 43 23 32 14 9 42 39 24 2 11 21 44 23 17 4 20 48 35 12 2 17 13 40 45 3 49 43 38 34 43 41 26 1 15 31 10 35 1 19 27 3 21 24 26 35 7 48
7 43 48 0 8 28 10 40 35 45 29 30 1 18 47 45 12 31 48 42 32 5 45 21 45 16 20 23 35 25 39 47 44 47 47 22 4 31 18 48 30 45 9 48 18 1 34 16 37 26 45 36 25 1 19 37 25 27 45 2 18 16 35 43 11 46 40 42 42 47 28 19 13 19 41 1 32 16 24 27 41 28 49 38 21 33 2 17 32 26 8 16 10 13 5 10 42 16 23 21
16 15 40 8 0 14 33 9 3 8 37 4 17 46 19 42 6 40 21 37 3 35 7 43 3 9 16 14 21 39 37 42 19 29 32 44 43 12 8 26 4 48 31 41 36 27 3 26 22 21 32 42 28 26 25 43 32 4 18 23 28 1 33 14 12 17 33 38 26 35 7 36 39 44 15 23 13 4 33 30 44 45 38 10 20 16 31 33 39 3 26 1 49 48 26 37 20 34 25 37
32 32 3 28 14 0 21 29 8 25 49 2 8 40 16 24 18 15 25 35 32 31 46 48 29 21 42 15 27 29 2 5 13 8 25 19 25 6 48 25 38 32 46 2 3 19 45 13 8 46 41 18 47 2 7 17 44 37 40 48 45 25 11 42 8 23 31 38 32 44 41 13 32 20 37 18 37 43 46 33 10 6 43 49 8 26 13 22 43 35 10 48 26 38 21 1 27 48 23 9
16 26 25 10 33 21 0 49 20 42 31 43 45 13 31 31 8 16 40 32 8 36 41 49 25 42 14 26 13 10 45 9 21 36 38 46 12 9 30 35 45 6 39 36 3 3 3 17 17 21 34 8 27 38 12 29 33 26 33 6 39 18 38 26 32 36 1 14 43 6 36 27 21 39 7 39 11 10 15 40 25 18 47 36 16 21 48 15 31 12 40 3 44 36 1 28 36 34 43 15
9 12 10 40 9 29 49 0 22 21 45 46 24 45 29 46 20 29 48 4 31 45 35 1 39 39 42 18 29 37 30 41 20 14 38 45 2 33 26 25 22 42 32 31 5 27 42 45 32 32 18 17 23 22 18 21 48 45 42 40 25 35 10 8 39 33 28 9 45 44 30 27 24 20 18 1 35 8 25 48 47 34 2 36 40 13 22 29 28 41 3 46 8 45 45 28 27 2 25 14
24 31 32 35 3 8 20 22 0 18 37 30 20 9 4 7 38 18 31 31 23 2 42 18 2 33 46 22 21 10 15 9 22 41 35 43 32 35 38 24 25 4 24 13 26 25 41 24 13 25 23 37 26 1 32 30 24 30 47 4 31 15 40 25 14 45 22 43 24 22 24 11 1 14 15 16 6 49 15 38 48 21 42 7 23 8 22 3 20 23 21 4 18 8 45 48 49 23 49 23
8 10 1 45 8 25 42 21 18 0 23 15 18 8 15 34 8 18 5 7 38 43 33 9 5 24 44 1 2 13 31 48 41 46 24 49 39 11 23 30 5 23 27 29 45 15 11 15 2 49 20 6 3 11 37 24 40 23 43 34 18 37 30 3 39 38 5 30 30 24 29 22 30 49 40 11 46 10 18 6 36 40 10 24 1 26 23 43 3 34 24 27 13 22 20 38 39 39 19 36
4 2 30 29 37 49 31 45 37 23 0 40 43 34 19 41 16 33 17 13 49 14 7 7 35 33 29 4 16 10 4 8 2 6 25 20 45 36 18 38 4 2 48 47 21 11 36 22 37 10 22 3 42 33 42 39 2 9 21 46 29 22 9 23 31 18 6 9 8 14 2 9 42 13 8 3 38 38 19 41 22 1 31 13 3 20 21 27 24 15 29 37 47 12 10 32 8 4 2 37
13 3 36 30 4 2 43 46 30 15 40 0 22 5 11 43 15 15 19 23 24 11 46 18 15 24 28 30 21 31 34 41 35 5 34 6 46 42 39 2 49 19 6 23 49 19 7 31 19 34 48 27 28 49 6 31 47 19 9 47 30 22 27 18 30 5 41 6 49 29 35 49 17 6 27 16 7 18 1 4 15 13 16 14 7 48 35 40 6 15 33 6 20 34 33 46 30 26 48 36
39 36 4 1 17 8 45 24 20 18 43 22 0 37 34 10 35 10 28 38 5 40 5 27 12 46 29 40 46 29 46 9 25 15 31 33 48 9 9 8 18 36 3 12 45 1 35 41 3 10 11 9 22 1 10 32 7 49 41 42 23 48 18 45 43 9 1 21 48 26 38 6 30 4 40 23 43 11 34 7 45 16 27 45 39 38 4 29 5 20 48 18 47 33 13 22 39 7 23 43
8 36 35 18 46 40 13 45 9 8 34 5 37 0 14 31 22 31 2 33 31 8 18 46 19 15 29 36 31 32 27 36 28 11 28 27 16 36 18 14 12 45 29 46 41 32 31 28 30 47 27 32 2 17 9 41 15 34 44 14 3 41 40 20 20 14 23 31 32 10 22 19 18 18 32 7 16 1 26 17 22 28 19 26 9 44 22 43 24 35 5 25 32 38 22 2 41 23 33 24
1 24 28 47 19 16 31 29 4 15 19 11 34 14 0 1 19 49 48 22 46 6 27 26 31 10 8 18 18 39 1 14 30 48 21 43 8 22 2 1 32 1 38 37 24 6 4 15 18 24 43 14 9 38 27 11 44 21 25 21 39 33 2 4 36 15 25 15 7 38 46 3 29 12 13 12 10 13 8 29 28 46 45 29 18 14 1 25 31 21 41 32 17 16 25 5 46 49 39 48
49 41 30 45 42 24 31 46 7 34 41 43 10 31 1 0 20 46 12 46 34 39 13 31 34 15 35 17 30 14 39 3 29 5 3 21 3 27 49 12 18 9 42 14 14 38 26 8 19 48 1 11 29 17 34 13 24 21 35 6 12 37 3 2 32 9 37 35 11 7 40 2 25 26 31 23 9 49 45 21 42 2 45 10 27 15 2 26 2 16 17 37 23 6 16 37 7 27 33 39
45 3 36 12 6 18 8 20 38 8 16 15 35 22 19 20 0 27 4 49 7 1 3 2 9 39 43 45 45 31 38 45 25 35 48 43 24 13 19 38 6 15 27 30 28 23 31 18 18 28 13 18 7 25 9 25 28 28 21 32 21 23 19 5 14 36 11 35 23 45 37 33 24 30 36 41 15 3 31 8 18 19 10 38 26 36 17 22 2 26 47 21 20 18 5 14 14 44 27 10
14 4 4 31 40 15 16 29 18 18 33 15 10 31 49 46 27 0 15 22 37 23 19 31 37 14 45 35 7 39 32 44 42 19 47 49 18 1 14 6 38 7 27 33 4 6 47 41 47 8 20 42 10 39 33 42 47 48 47 46 25 9 27 24 1 7 44 18 33 2 24 19 36 32 31 15 21 32 2 42 20 1 19 10 16 45 31 38 12 38 9 37 38 33 14 8 8 49 10 7
19 46 49 48 21 25 40 48 31 5 17 19 28 2 48 12 4 15 0 8 29 28 11 43 25 12 1 10 37 15 31 15 11 47 6 32 47 13 29 43 41 38 23 15 28 44 35 34 19 10 33 35 3 42 44 36 22 23 18 9 4 10 11 31 26 32 26 43 7 44 22 33 35 26 19 18 9 11 14 26 17 12 29 25 27 45 49 37 18 42 23 21 49 31 12 13 27 42 8 8
6 7 20 42 37 35 32 4 31 7 13 23 38 33 22 46 49 22 8 0 4 12 47 46 47 18 24 14 49 24 13 29 47 1 19 14 14 2 16 9 8 12 20 24 40 8 20 14 1 1 1 48 21 19 16 40 29 12 40 39 9 41 47 48 14 17 3 1 33 5 5 48 42 45 31 28 19 45 36 42 47 24 31 4 42 47 20 13 42 34 25 5 7 5 25 14 15 27 21 36
17 23 27 32 3 32 8 31 23 38 49 24 5 31 46 34 7 37 29 4 0 11 43 10 5 14 15 10 17 12 47 22 22 12 28 14 48 36 10 9 29 36 11 24 4 19 20 25 10 34 43 42 14 45 40 11 11 20 13 38 18 26 33 26 15 42 6 1 43 9 10 33 19 25 13 5 6 34 46 11 18 44 17 19 7 1 35 14 34 11 49 12 19 31 12 5 27 25 32 42
42 13 45 5 35 31 36 45 2 43 14 11 40 8 6 39 1 23 28 12 11 0 37 25 33 6 21 17 41 46 10 8 2 40 1 38 20 48 6 23 28 46 5 15 22 3 38 24 5 1 49 31 22 48 36 33 27 46 44 7 39 28 17 46 15 24 41 39 14 49 24 44 27 4 8 33 20 27 20 37 15 48 4 40 24 49 48 4 31 27 46 24 43 26 24 15 48 18 2 16
36 38 23 45 7 46 41 35 42 33 7 46 5 18 27 13 3 19 11 47 43 37 0 7 10 5 47 29 10 49 9 3 21 3 38 11 12 8 16 16 25 28 15 7 36 48 1 23 45 20 22 23 38 31 17 45 4 46 46 20 35 22 21 31 47 39 17 29 49 5 13 37 26 12 8 33 26 14 25 29 15 14 40 14 9 36 10 34 4 39 24 47 27 48 11 41 13 45 7 43
8 10 26 21 43 48 49 1 18 9 7 18 27 46 26 31 2 31 43 46 10 25 7 0 39 28 5 20 9 17 6 43 37 25 31 1 1 4 29 26 6 25 13 35 14 37 12 49 43 32 17 14 37 33 31 13 11 30 16 14 30 43 40 12 30 45 47 3 31 25 13 21 31 32 3 9 26 22 5 16 19 23 16 46 23 36 44 22 48 41 36 2 43 42 11 43 44 6 18 1
9 24 22 45 3 29 25 39 2 5 35 15 12 19 31 34 9 37 25 47 5 33 10 39 0 9 3 32 23 12 36 39 26 42 18 45 30 41 37 31 32 47 17 17 10 39 22 3 11 45 34 3 27 20 20 24 13 47 34 48 13 14 3 42 25 30 17 26 41 39 38 20 35 24 29 13 16 19 14 17 29 11 16 26 16 36 46 12 24 11 37 7 1 9 38 21 46 44 31 15
44 2 1 16 9 21 42 39 33 24 33 24 46 15 10 15 39 14 12 18 14 6 5 28 9 0 38 11 43 40 43 38 49 26 9 12 13 35 15 18 28 5 2 31 24 14 12 14 7 30 33 15 9 15 37 34 49 29 4 3 12 14 47 30 32 16 44 37 49 18 5 45 31 29 18 9 6 33 48 38 2 29 42 42 4 34 46 22 35 13 44 34 19 21 45 13 4 4 18 26
32 33 29 20 16 42 14 42 46 44 29 28 29 29 8 35 43 45 1 24 15 21 47 5 3 38 0 9 22 22 25 9 40 7 16 34 23 13 22 6 22 27 21 6 35 5 40 35 5 13 1 8 8 31 4 9 16 41 32 2 39 22 45 21 35 17 20 11 8 44 35 27 27 6 38 18 12 7 46 38 18 47 3 29 2 30 45 45 1 47 49 39 32 17 10 31 4 26 42 15
17 35 5 23 14 15 26 18 22 1 4 30 40 36 18 17 45 35 10 14 10 17 29 20 32 11 9 0 29 38 5 35 28 13 5 27 28 15 27 31 43 36 31 34 30 5 13 6 1 18 28 25 28 43 48 29 28 48 9 6 37 10 20 41 13 9 24 44 7 17 24 20 26 5 27 16 31 2 11 6 21 32 3 31 42 41 23 13 48 24 30 11 23 14 27 32 8 48 10 6
40 30 20 35 21 27 13 29 21 2 16 21 46 31 18 30 45 7 37 49 17 41 10 9 23 43 22 29 0 39 2 40 22 7 23 15 28 9 39 25 8 3 39 31 9 21 35 1 24 10 17 28 17 49 22 31 30 16 15 4 45 22 15 11 33 39 47 7 37 8 13 25 27 29 40 14 24 19 16 25 43 26 16 16 48 23 7 3 23 42 41 18 40 33 4 14 3 39 33 19
6 8 15 25 39 29 10 37 10 13 10 31 29 32 39 14 31 39 15 24 12 46 49 17 12 40 22 38 39 0 45 47 43 43 48 22 24 3 34 26 28 47 28 14 31 43 43 32 38 26 14 29 47 15 22 17 9 30 31 29 49 1 5 43 20 22 20 46 17 12 3 13 5 35 25 17 49 18 22 7 35 1 47 48 15 47 29 24 27 5 17 3 14 31 32 17 47 29 43 15
15 48 19 39 37 2 45 30 15 31 4 34 46 27 1 39 38 32 31 13 47 10 9 6 36 43 25 5 2 45 0 1 7 1 7 7 33 18 26 33 10 36 47 18 3 37 47 23 6 3 43 34 25 18 46 34 24 24 17 35 16 19 5 2 22 35 36 21 44 17 21 11 11 35 36 1 36 13 43 2 40 28 32 41 14 31 22 47 40 35 30 41 7 12 4 34 10 10 6 7
15 22 33 47 42 5 9 41 9 48 8 41 9 36 14 3 45 44 15 29 22 8 3 43 39 38 9 35 40 47 1 0 4 40 37 23 27 13 33 31 16 19 22 36 34 32 4 31 26 19 12 17 4 34 25 41 29 49 3 31 39 45 2 31 8 19 49 31 9 25 37 12 9 45 10 32 2 43 10 25 19 44 24 19 8 17 18 21 4 40 44 12 32 12 47 16 19 18 5 10
42 31 3 44 19 13 21 20 22 41 2 35 25 28 30 29 25 42 11 47 22 2 21 37 26 49 40 28 22 43 7 4 0 40 22 36 46 14 6 23 48 47 18 35 32 34 39 9 3 24 32 28 4 41 45 32 39 23 27 32 41 11 6 48 2 20 37 38 8 34 49 16 39 25 42 25 2 31 10 23 28 47 17 33 6 40 14 18 44 12 46 48 35 26 16 18 18 2 46 26
17 32 36 47 29 8 36 14 41 46 6 5 15 11 48 5 35 19 47 1 12 40 3 25 42 26 7 13 7 43 1 40 40 0 27 47 2 48 33 22 26 38 34 41 14 22 11 2 47 34 47 8 39 42 40 3 42 4 7 9 40 36 42 3 19 35 21 34 19 26 20 27 26 44 24 15 6 16 21 15 49 22 33 11 49 26 2 20 2 4 21 6 9 1 33 28 38 40 17 9
25 40 12 47 32 25 38 38 35 24 25 34 31 28 21 3 48 47 6 19 28 1 38 31 18 9 16 5 23 48 7 37 22 27 0 23 6 9 30 14 36 30 37 5 26 42 44 43 44 37 7 38 48 12 14 13 5 45 8 40 23 40 24 38 40 16 46 16 35 36 39 49 12 22 20 29 36 25 32 23 9 25 1 14 3 14 28 22 42 47 18 37 29 25 22 7 30 44 25 5
29 13 30 22 44 19 46 45 43 49 20 6 33 27 43 21 43 49 32 14 14 38 11 1 45 12 34 27 15 22 7 23 36 47 23 0 17 33 40 9 2 18 38 29 33 48 2 29 11 21 32 27 19 14 42 14 38 21 6 33 44 46 20 12 21 36 19 36 35 38 47 30 47 45 16 32 1 27 18 42 28 29 36 6 15 14 34 31 17 21 17 38 45 9 11 35 49 41 47 31
10 20 39 4 43 25 12 2 32 39 45 46 48 16 8 3 24 18 47 14 48 20 12 1 30 13 23 28 28 24 33 27 46 2 6 17 0 17 8 40 21 19 44 37 7 6 34 49 14 13 1 19 31 38 32 48 33 11 46 11 16 41 9 48 2 12 21 48 6 8 20 47 5 19 43 11 33 1 42 19 36 31 42 4 33 44 14 33 19 28 19 37 13 37 20 21 36 3 26 13
43 23 41 31 12 6 9 33 35 11 36 42 9 36 22 27 13 1 13 2 36 48 8 4 41 35 13 15 9 3 18 13 14 48 9 33 17 0 20 36 18 15 46 39 18 36 5 30 30 24 26 14 33 3 16 24 16 8 40 31 3 21 42 46 44 45 37 45 13 13 6 39 10 33 42 21 23 41 36 40 43 4 30 23 17 4 48 34 44 41 34 5 8 8 22 5 33 32 27 46
2 14 6 18 8 48 30 26 38 23 18 39 9 18 2 49 19 14 29 16 10 6 16 29 37 15 22 27 39 34 26 33 6 33 30 40 8 20 0 22 5 41 21 48 28 9 21 39 33 21 48 22 43 42 31 6 30 5 31 8 11 32 24 16 14 42 6 29 14 16 36 16 29 12 5 47 36 28 13 42 34 35 19 1 4 30 41 11 20 11 1 20 45 2 20 46 5 17 7 1
19 25 2 48 26 25 35 25 24 30 38 2 8 14 1 12 38 6 43 9 9 23 16 26 31 18 6 31 25 26 33 31 23 22 14 9 40 36 22 0 21 41 35 26 32 28 38 33 12 32 25 32 28 21 42 36 17 30 21 34 36 49 25 6 34 3 23 40 6 45 15 39 6 24 40 19 27 38 24 18 24 43 27 24 4 5 1 25 4 31 39 7 38 28 2 41 49 11 23 26
1 8 25 30 4 38 45 22 25 5 4 49 18 12 32 18 6 38 41 8 29 28 25 6 32 28 22 43 8 28 10 16 48 26 36 2 21 18 5 21 0 30 5 14 11 44 19 10 40 12 43 15 14 29 29 23 17 24 25 3 16 25 47 32 16 30 42 47 22 8 32 35 2 26 34 40 49 13 21 49 1 23 5 43 27 3 8 24 6 6 32 49 4 39 17 3 25 1 2 42
24 18 36 45 48 32 6 42 4 23 2 19 36 45 1 9 15 7 38 12 36 46 28 25 47 5 27 36 3 47 36 19 47 38 30 18 19 15 41 41 30 0 49 38 9 5 8 39 47 5 11 43 41 43 12 44 20 29 36 47 40 48 8 25 32 19 26 10 44 2 38 7 24 17 32 29 13 8 26 26 8 26 35 5 28 20 7 48 18 29 48 14 47 36 22 18 32 37 3 29
18 38 18 9 31 46 39 32 24 27 48 6 3 29 38 42 27 27 23 20 11 5 15 13 17 2 21 31 39 28 47 22 18 34 37 38 44 46 21 35 5 49 0 18 8 48 18 17 23 30 4 34 24 7 43 13 31 5 5 17 31 32 23 29 26 33 48 35 26 33 16 46 45 27 4 9 32 27 36 41 11 20 32 33 28 6 34 39 34 38 15 9 44 37 15 26 39 1 9 6
29 33 42 48 41 2 36 31 13 29 47 23 12 46 37 14 30 33 15 24 24 15 7 35 17 31 6 34 31 14 18 36 35 41 5 29 37 39 48 26 14 38 18 0 22 17 22 46 15 34 8 43 11 3 19 15 16 30 23 40 31 38 28 5 43 18 1 46 30 9 38 37 2 17 46 2 7 47 42 27 29 19 7 44 3 2 24 7 21 19 14 4 17 21 33 43 24 44 44 37
47 31 13 18 36 3 3 5 26 45 21 49 45 41 24 14 28 4 28 40 4 22 36 14 10 24 35 30 9 31 3 34 32 14 26 33 7 18 28 32 11 9 8 22 0 35 27 26 34 7 24 3 44 45 41 30 37 35 10 3 9 25 42 47 40 27 1 28 16 39 48 39 25 19 25 39 49 25 25 12 20 29 18 30 28 9 4 20 39 22 43 7 1 41 29 28 17 12 3 30
42 7 18 1 27 19 3 27 25 15 11 19 1 32 6 38 23 6 44 8 19 3 48 37 39 14 5 5 21 43 37 32 34 22 42 48 6 36 9 28 44 5 48 17 35 0 21 47 6 33 36 44 6 39 36 6 24 31 4 48 48 23 35 32 16 31 37 18 11 45 41 16 4 9 6 19 30 48 14 45 7 21 27 25 21 22 48 23 35 46 17 42 19 14 5 27 4 32 48 39
29 28 21 34 3 45 3 42 41 11 36 7 35 31 4 26 31 47 35 20 20 38 1 12 22 12 40 13 35 43 47 4 39 11 44 2 34 5 21 38 19 8 18 22 27 21 0 39 13 37 10 17 42 31 15 2 17 42 30 26 48 48 4 42 18 41 25 10 31 29 2 46 2 26 17 9 37 20 25 40 23 42 48 44 3 3 36 2 1 9 43 35 44 8 35 28 16 48 48 10
2 7 5 16 26 13 17 45 24 15 22 31 41 28 15 8 18 41 34 14 25 24 23 49 3 14 35 6 1 32 23 31 9 2 43 29 49 30 39 33 10 39 17 46 26 47 39 0 34 45 15 23 38 2 10 33 31 5 3 37 27 28 29 13 11 8 14 44 37 49 5 42 13 45 16 39 19 8 6 18 27 32 7 7 36 40 35 21 43 18 19 36 10 29 18 4 26 47 16 9
22 19 45 37 22 8 17 32 13 2 37 19 3 30 18 19 18 47 19 1 10 5 45 43 11 7 5 1 24 38 6 26 3 47 44 11 14 30 33 12 40 47 23 15 34 6 13 34 0 24 48 47 32 2 12 9 20 21 35 6 37 29 2 35 21 36 8 15 19 4 9 33 28 46 1 19 16 36 27 2 4 9 15 6 3 26 43 15 28 33 5 38 26 12 49 34 24 44 7 7
3 4 11 26 21 46 21 32 25 49 10 34 10 47 24 48 28 8 10 1 34 1 20 32 45 30 13 18 10 26 3 19 24 34 37 21 13 24 21 32 12 5 30 34 7 33 37 45 24 0 18 16 16 39 31 25 41 48 46 14 28 15 11 18 35 48 20 27 44 24 17 26 6 44 6 14 5 29 25 22 14 6 46 45 16 14 31 45 21 40 1 1 17 5 45 15 29 46 36 18
17 26 21 45 32 41 34 18 23 20 22 48 11 27 43 1 13 20 33 1 43 49 22 17 34 33 1 28 17 14 43 12 32 47 7 32 1 26 48 25 43 11 4 8 24 36 10 15 48 18 0 10 21 48 33 35 42 42 19 18 43 36 8 10 17 11 44 41 38 1 1 27 7 25 27 2 21 14 41 31 11 45 34 44 29 46 34 1 10 12 17 21 29 23 15 23 20 32 34 36
21 9 12 36 42 18 8 17 37 6 3 27 9 32 14 11 18 42 35 48 42 31 23 14 3 15 8 25 28 29 34 17 28 8 38 27 19 14 22 32 15 43 34 43 3 44 17 23 47 16 10 0 6 48 5 13 41 33 48 18 10 43 19 10 19 39 36 14 12 27 45 27 31 20 48 34 42 26 22 39 16 19 11 43 44 29 10 45 8 23 48 28 6 37 21 20 9 14 31 28
42 2 22 25 28 47 27 23 26 3 42 28 22 2 9 29 7 10 3 21 14 22 38 37 27 9 8 28 17 47 25 4 4 39 48 19 31 33 43 28 14 41 24 11 44 6 42 38 32 16 21 6 0 6 18 29 29 26 6 28 48 39 41 15 21 14 28 24 7 1 44 16 37 40 26 26 40 26 46 49 3 1 13 41 10 41 41 14 29 19 13 32 33 1 47 39 1 31 7 32
25 17 43 1 26 2 38 22 1 11 33 49 1 17 38 17 25 39 42 19 45 48 31 33 20 15 31 43 49 15 18 34 41 42 12 14 38 3 42 21 29 43 7 3 45 39 31 2 2 39 48 48 6 0 9 4 27 1 23 42 41 2 48 42 16 3 31 19 40 14 27 47 42 37 29 39 42 27 12 44 14 49 19 9 11 28 46 1 28 8 10 45 25 39 43 32 23 43 38 9
13 38 23 19 25 7 12 18 32 37 42 6 10 9 27 34 9 33 44 16 40 36 17 31 20 37 4 48 22 22 46 25 45 40 14 42 32 16 31 42 29 12 43 19 41 36 15 10 12 31 33 5 18 9 0 13 19 6 4 7 46 21 42 14 49 21 21 34 31 10 4 12 5 42 5 49 42 26 9 11 33 35 8 23 32 13 19 15 9 44 12 28 40 15 24 39 6 14 28 28
29 40 32 37 43 17 29 21 30 24 39 31 32 41 11 13 25 42 36 40 11 33 45 13 24 34 9 29 31 17 34 41 32 3 13 14 48 24 6 36 23 44 13 15 30 6 2 33 9 25 35 13 29 4 13 0 9 22 5 29 38 6 49 9 2 15 3 2 29 44 5 18 18 31 26 32 36 16 39 43 27 28 38 13 49 11 21 12 28 7 46 19 22 49 10 31 9 1 33 46
28 37 14 25 32 44 33 48 24 40 2 47 7 15 44 24 28 47 22 29 11 27 4 11 13 49 16 28 30 9 24 29 39 42 5 38 33 16 30 17 17 20 31 16 37 24 17 31 20 41 42 41 29 27 19 9 0 42 6 18 34 28 16 43 10 49 24 38 10 9 42 32 3 27 41 37 40 3 14 34 35 25 39 38 23 40 43 34 19 31 43 22 43 12 3 3 26 27 18 42
21 21 9 27 4 37 26 45 30 23 9 19 49 34 21 21 28 48 23 12 20 46 46 30 47 29 41 48 16 30 24 49 23 4 45 21 11 8 5 30 24 29 5 30 35 31 42 5 21 48 42 33 26 1 6 22 42 0 28 29 29 49 16 10 28 28 1 7 44 13 3 46 42 1 5 34 16 40 34 12 42 27 8 46 32 16 8 16 38 28 9 11 43 49 36 1 45 3 18 43
5 33 42 45 18 40 33 42 47 43 21 9 41 44 25 35 21 47 18 40 13 44 46 16 34 4 32 9 15 31 17 3 27 7 8 6 46 40 31 21 25 36 5 23 10 4 30 3 35 46 19 48 6 23 4 5 6 28 0 40 10 27 41 3 22 28 33 33 46 32 36 14 43 38 33 3 3 29 26 6 27 24 18 24 23 4 47 26 32 29 34 8 39 18 19 34 47 41 43 47
24 41 39 2 23 48 6 40 4 34 46 47 42 14 21 6 32 46 9 39 38 7 20 14 48 3 2 6 4 29 35 31 32 9 40 33 11 31 8 34 3 47 17 40 3 48 26 37 6 14 18 18 28 42 7 29 18 29 40 0 4 27 18 9 14 40 31 24 23 34 5 49 9 21 4 15 32 11 10 49 41 20 41 41 35 16 31 39 4 12 6 22 17 14 23 19 34 18 34 43
8 48 24 18 28 45 39 25 31 18 29 30 23 3 39 12 21 25 4 9 18 39 35 30 13 12 39 37 45 49 16 39 41 40 23 44 16 3 11 36 16 40 31 31 9 48 48 27 37 28 43 10 48 41 46 38 34 29 10 4 0 30 8 15 8 3 26 7 41 9 3 1 35 18 40 14 19 3 29 39 46 2 30 38 4 12 45 3 41 5 31 28 37 1 23 26 40 40 48 26
22 47 2 16 1 25 18 35 15 37 22 22 48 41 33 37 23 9 10 41 26 28 22 43 14 14 22 10 22 1 19 45 11 36 40 46 41 21 32 49 25 48 32 38 25 23 48 28 29 15 36 43 39 2 21 6 28 49 27 27 30 0 2 44 27 28 1 32 8 18 18 41 12 13 13 39 16 36 11 14 21 24 25 1 23 23 22 27 30 30 39 21 37 33 21 40 8 44 37 37
16 20 11 35 33 11 38 10 40 30 9 27 18 40 2 3 19 27 11 47 33 17 21 40 3 47 45 20 15 5 5 2 6 42 24 20 9 42 24 25 47 8 23 28 42 35 4 29 2 11 8 19 41 48 42 49 16 16 41 18 8 2 0 14 25 25 8 5 31 9 24 5 23 47 35 46 42 3 23 24 27 3 13 18 38 5 40 18 15 44 5 20 1 20 31 30 19 6 4 40
1 16 21 43 14 42 26 8 25 3 23 18 45 20 4 2 5 24 31 48 26 46 31 12 42 30 21 41 11 43 2 31 48 3 38 12 48 46 16 6 32 25 29 5 47 32 42 13 35 18 10 10 15 42 14 9 43 10 3 9 15 44 14 0 43 33 3 14 22 2 22 20 47 38 42 44 14 17 23 6 11 7 3 31 42 1 38 15 1 5 33 16 8 18 21 24 15 46 9 47
27 42 44 11 12 8 32 39 14 39 31 30 43 20 36 32 14 1 26 14 15 15 47 30 25 32 35 13 33 20 22 8 2 19 40 21 2 44 14 34 16 32 26 43 40 16 18 11 21 35 17 19 21 16 49 2 10 28 22 14 8 27 25 43 0 28 6 10 23 3 19 9 29 31 10 1 33 19 29 1 25 32 24 28 30 10 26 46 20 16 2 39 48 40 28 11 36 3 23 13
37 37 23 46 17 23 36 33 45 38 18 5 9 14 15 9 36 7 32 17 42 24 39 45 30 16 17 9 39 22 35 19 20 35 16 36 12 45 42 3 30 19 33 18 27 31 41 8 36 48 11 39 14 3 21 15 49 28 28 40 3 28 25 33 28 0 9 10 33 38 44 27 29 18 44 8 45 1 5 49 24 38 30 2 26 18 37 33 9 38 1 48 38 4 36 26 27 24 8 47
3 45 17 40 33 31 1 28 22 5 6 41 1 23 25 37 11 44 26 3 6 41 17 47 17 44 20 24 47 20 36 49 37 21 46 19 21 37 6 23 42 26 48 1 1 37 25 14 8 20 44 36 28 31 21 3 24 1 33 31 26 1 8 3 6 9 0 29 25 35 2 28 8 26 18 34 47 44 28 38 39 16 6 48 32 19 27 37 49 46 26 2 38 42 43 24 6 10 34 21
47 6 4 42 38 38 14 9 43 30 9 6 21 31 15 35 35 18 43 1 1 39 29 3 26 37 11 44 7 46 21 31 38 34 16 36 48 45 29 40 47 10 35 46 28 18 10 44 15 27 41 14 24 19 34 2 38 7 33 24 7 32 5 14 10 10 29 0 40 14 46 38 33 8 45 11 24 14 21 8 7 41 10 33 32 5 48 13 24 48 32 39 32 46 44 29 37 40 48 36
48 4 20 42 26 32 43 45 24 30 8 49 48 32 7 11 23 33 7 33 43 14 49 31 41 49 8 7 37 17 44 9 8 19 35 35 6 13 14 6 22 44 26 30 16 11 31 37 19 44 38 12 7 40 31 29 10 44 46 23 41 8 31 22 23 33 25 40 0 5 7 29 5 34 7 3 34 9 6 15 21 18 47 21 23 34 47 16 28 25 49 18 40 43 19 37 46 43 43 23
7 2 48 47 35 44 6 44 22 24 14 29 26 10 38 7 45 2 44 5 9 49 5 25 39 18 44 17 8 12 17 25 34 26 36 38 8 13 16 45 8 2 33 9 39 45 29 49 4 24 1 27 1 14 10 44 9 13 32 34 9 18 9 2 3 38 35 14 5 0 27 31 32 21 35 41 20 37 18 2 4 13 13 46 40 32 29 46 38 31 7 18 10 16 30 44 27 5 2 42
43 24 35 28 7 41 36 30 24 29 2 35 38 22 46 40 37 24 22 5 10 24 13 13 38 5 35 24 13 3 21 37 49 20 39 47 20 6 36 15 32 38 16 38 48 41 2 5 9 17 1 45 44 27 4 5 42 3 36 5 3 18 24 22 19 44 2 46 7 27 0 10 18 9 6 16 33 7 39 18 49 32 44 15 17 10 26 32 6 14 41 30 11 33 38 1 34 23 29 36
43 13 12 19 36 13 27 27 11 22 9 49 6 19 3 2 33 19 33 48 33 44 37 21 20 45 27 20 25 13 11 12 16 27 49 30 47 39 16 39 35 7 46 37 39 16 46 42 33 26 27 27 16 47 12 18 32 46 14 49 1 41 5 20 9 27 28 38 29 31 10 0 16 29 13 39 38 26 44 48 15 19 32 29 21 7 45 12 5 2 27 38 30 37 28 47 40 26 10 32
41 6 2 13 39 32 21 24 1 30 42 17 30 18 29 25 24 36 35 42 19 27 26 31 35 31 27 26 27 5 11 9 39 26 12 47 5 10 29 6 2 24 45 2 25 4 2 13 28 6 7 31 37 42 5 18 3 42 43 9 35 12 23 47 29 29 8 33 5 32 18 16 0 3 42 16 36 34 45 18 16 33 20 5 3 13 36 16 30 5 48 6 48 1 8 49 5 8 28 12
23 8 17 19 44 20 39 20 14 49 13 6 4 18 12 26 30 32 26 45 25 4 12 32 24 29 6 5 29 35 35 45 25 44 22 45 19 33 12 24 26 17 27 17 19 9 26 45 46 44 25 20 40 37 42 31 27 1 38 21 18 13 47 38 31 18 26 8 34 21 9 29 3 0 38 24 26 25 20 34 27 43 31 8 28 30 34 18 10 45 9 36 18 5 25 34 36 32 10 8
47 43 13 41 15 37 7 18 15 40 8 27 40 32 13 31 36 31 19 31 13 8 8 3 29 18 38 27 40 25 36 10 42 24 20 16 43 42 5 40 34 32 4 46 25 6 17 16 1 6 27 48 26 29 5 26 41 5 33 4 40 13 35 42 10 44 18 45 7 35 6 13 42 38 0 19 6 8 31 2 22 7 36 45 3 2 28 29 11 11 40 11 24 47 22 7 44 16 8 29
41 42 40 1 23 18 39 1 16 11 3 16 23 7 12 23 41 15 18 28 5 33 33 9 13 9 18 16 14 17 1 32 25 15 29 32 11 21 47 19 40 29 9 2 39 19 9 39 19 14 2 34 26 39 49 32 37 34 3 15 14 39 46 44 1 8 34 11 3 41 16 39 16 24 19 0 30 7 2 10 19 18 21 45 39 3 10 36 24 14 13 35 12 8 19 45 17 23 2 13
37 13 45 32 13 37 11 35 6 46 38 7 43 16 10 9 15 21 9 19 6 20 26 26 16 6 12 31 24 49 36 2 2 6 36 1 33 23 36 27 49 13 32 7 49 30 37 19 16 5 21 42 40 42 42 36 40 16 3 32 19 16 42 14 33 45 47 24 34 20 33 38 36 26 6 30 0 25 36 43 9 10 11 28 11 16 34 14 39 33 44 5 9 47 46 10 29 31 45 23
35 23 3 16 4 43 10 8 49 10 38 18 11 1 13 49 3 32 11 45 34 27 14 22 19 33 7 2 19 18 13 43 31 16 25 27 1 41 28 38 13 8 27 47 25 48 20 8 36 29 14 26 26 27 26 16 3 40 29 11 3 36 3 17 19 1 44 14 9 37 7 26 34 25 8 7 25 0 21 24 38 34 37 25 9 33 2 16 41 33 14 29 21 46 20 49 9 9 35 1
31 18 49 24 33 46 15 25 15 18 19 1 34 26 8 45 31 2 14 36 46 20 25 5 14 48 46 11 16 22 43 10 10 21 32 18 42 36 13 24 21 26 36 42 25 14 25 6 27 25 41 22 46 12 9 39 14 34 26 10 29 11 23 23 29 5 28 21 6 18 39 44 45 20 31 2 36 21 0 47 46 10 49 9 46 4 45 49 20 47 42 23 12 22 27 26 35 7 18 31
16 46 43 27 30 33 40 48 38 6 41 4 7 17 29 21 8 42 26 42 11 37 29 16 17 38 38 6 25 7 2 25 23 15 23 42 19 40 42 18 49 26 41 27 12 45 40 18 2 22 31 39 49 44 11 43 34 12 6 49 39 14 24 6 1 49 38 8 15 2 18 48 18 34 2 10 43 24 47 0 19 41 40 41 43 21 45 36 23 28 42 41 14 2 17 44 3 42 16 10
10 39 38 41 44 10 25 47 48 36 22 15 45 22 28 42 18 20 17 47 18 15 15 19 29 2 18 21 43 35 40 19 28 49 9 28 36 43 34 24 1 8 11 29 20 7 23 27 4 14 11 16 3 14 33 27 35 42 27 41 46 21 27 11 25 24 39 7 21 4 49 15 16 27 22 19 9 38 46 19 0 48 8 41 41 24 31 27 26 18 3 5 15 23 14 4 1 26 20 37
27 37 34 28 45 6 18 34 21 40 1 13 16 28 46 2 19 1 12 24 44 48 14 23 11 29 47 32 26 1 28 44 47 22 25 29 31 4 35 43 23 26 20 19 29 21 42 32 9 6 45 19 1 49 35 28 25 27 24 20 2 24 3 7 32 38 16 41 18 13 32 19 33 43 7 18 10 34 10 41 48 0 43 36 25 13 39 27 28 4 45 10 14 40 20 33 42 13 11 32
12 31 43 49 38 43 47 2 42 10 31 16 27 19 45 45 10 19 29 31 17 4 40 16 16 42 3 3 16 47 32 24 17 33 1 36 42 30 19 27 5 35 32 7 18 27 48 7 15 46 34 11 13 19 8 38 39 8 18 41 30 25 13 3 24 30 6 10 47 13 44 32 20 31 36 21 11 37 49 40 8 43 0 6 14 36 39 18 35 5 3 20 22 5 23 5 36 14 19 23
23 20 41 38 10 49 36 36 7 24 13 14 45 26 29 10 38 10 25 4 19 40 14 46 26 42 29 31 16 48 41 19 33 11 14 6 4 23 1 24 43 5 33 44 30 25 44 7 6 45 44 43 41 9 23 13 38 46 24 41 38 1 18 31 28 2 48 33 21 46 15 29 5 8 45 45 28 25 9 41 41 36 6 0 7 18 49 46 10 8 30 11 26 11 25 7 4 34 15 46
19 38 26 21 20 8 16 40 23 1 3 7 39 9 18 27 26 16 27 42 7 24 9 23 16 4 2 42 48 15 14 8 6 49 3 15 33 17 4 4 27 28 28 3 28 21 3 36 3 16 29 44 10 11 32 49 23 32 23 35 4 23 38 42 30 26 32 32 23 40 17 21 3 28 3 39 11 9 46 43 41 25 14 7 0 30 5 30 31 22 2 35 6 42 44 4 2 17 43 6
26 47 1 33 16 26 21 13 8 26 20 48 38 44 14 15 36 45 45 47 1 49 36 36 36 34 30 41 23 47 31 17 40 26 14 14 44 4 30 5 3 20 6 2 9 22 3 40 26 14 46 29 41 28 13 11 40 16 4 16 12 23 5 1 10 18 19 5 34 32 10 7 13 30 2 3 16 33 4 21 24 13 36 18 30 0 8 41 13 7 33 41 28 31 41 18 23 3 16 10
41 19 15 2 31 13 48 22 22 23 21 35 4 22 1 2 17 31 49 20 35 48 10 44 46 46 45 23 7 29 22 18 14 2 28 34 14 48 41 1 8 7 34 24 4 48 36 35 43 31 34 10 41 46 19 21 43 8 47 31 45 22 40 38 26 37 27 48 47 29 26 45 36 34 28 10 34 2 45 45 31 39 39 49 5 8 0 28 48 25 25 9 10 11 46 48 10 4 7 20
17 10 31 17 33 22 15 29 3 43 27 40 29 43 25 26 22 38 37 13 14 4 34 22 12 22 45 13 3 24 47 21 18 20 22 31 33 34 11 25 24 48 39 7 20 23 2 21 15 45 1 45 14 1 15 12 34 16 26 39 3 27 18 15 46 33 37 13 16 46 32 12 16 18 29 36 14 16 49 36 27 27 18 46 30 41 28 0 9 30 21 25 1 17 5 24 16 18 3 33
3 9 10 32 39 43 31 28 20 3 24 6 5 24 31 2 2 12 18 42 34 31 4 48 24 35 1 48 23 27 40 4 44 2 42 17 19 44 20 4 6 18 34 21 39 35 1 43 28 21 10 8 29 28 9 28 19 38 32 4 41 30 15 1 20 9 49 24 28 38 6 5 30 10 11 24 39 41 20 23 26 28 35 10 31 13 48 9 0 39 19 36 7 39 12 42 44 10 20 15
39 11 35 26 3 35 12 41 23 34 15 15 20 35 21 16 26 38 42 34 11 27 39 41 11 13 47 24 42 5 35 40 12 4 47 21 28 41 11 31 6 29 38 19 22 46 9 18 33 40 12 23 19 8 44 7 31 28 29 12 5 30 44 5 16 38 46 48 25 31 14 2 5 45 11 14 33 33 47 28 18 4 5 8 22 7 25 30 39 0 6 36 19 38 2 32 41 29 19 37
1 1 1 8 26 10 40 3 21 24 29 33 48 5 41 17 47 9 23 25 49 46 24 36 37 44 49 30 41 17 30 44 46 21 18 17 19 34 1 39 32 48 15 14 43 17 43 19 5 1 17 48 13 10 12 46 43 9 34 6 31 39 5 33 2 1 26 32 49 7 41 27 48 9 40 13 44 14 42 42 3 45 3 30 2 33 25 21 19 6 0 45 39 47 39 27 28 6 2 1
6 11 19 16 1 48 3 46 4 27 37 6 18 25 32 37 21 37 21 5 12 24 47 2 7 34 39 11 18 3 41 12 48 6 37 38 37 5 20 7 49 14 9 4 7 42 35 36 38 1 21 28 32 45 28 19 22 11 8 22 28 21 20 16 39 48 2 39 18 18 30 38 6 36 11 35 5 29 23 41 5 10 20 11 35 41 9 25 36 36 45 0 38 27 38 19 11 4 17 36
43 44 27 10 49 26 44 8 18 13 47 20 47 32 17 23 20 38 49 7 19 43 27 43 1 19 32 23 40 14 7 32 35 9 29 45 13 8 45 38 4 47 44 17 1 19 44 10 26 17 29 6 33 25 40 22 43 43 39 17 37 37 1 8 48 38 38 32 40 10 11 30 48 18 24 12 9 21 12 14 15 14 22 26 6 28 10 1 7 19 39 38 0 33 40 13 17 47 49 41
5 42 3 13 48 38 36 45 8 22 12 34 33 38 16 6 18 33 31 5 31 26 48 42 9 21 17 14 33 31 12 12 26 1 25 9 37 8 2 28 39 36 37 21 41 14 8 29 12 5 23 37 1 39 15 49 12 49 18 14 1 33 20 18 40 4 42 46 43 16 33 37 1 5 47 8 47 46 22 2 23 40 5 11 42 31 11 17 39 38 47 27 33 0 5 36 38 11 16 9
46 5 21 5 26 21 1 45 45 20 10 33 13 22 25 16 5 14 12 25 12 24 11 11 38 45 10 27 4 32 4 47 16 33 22 11 20 22 20 2 17 22 15 33 29 5 35 18 49 45 15 21 47 43 24 10 3 36 19 23 23 21 31 21 28 36 43 44 19 30 38 28 8 25 22 19 46 20 27 17 14 20 23 25 44 41 46 5 12 2 39 38 40 5 0 43 15 2 25 7
17 48 24 10 37 1 28 28 48 38 32 46 22 2 5 37 14 8 13 14 5 15 41 43 21 13 31 32 14 17 34 16 18 28 7 35 21 5 46 41 3 18 26 43 28 27 28 4 34 15 23 20 39 32 39 31 3 1 34 19 26 40 30 24 11 26 24 29 37 44 1 47 49 34 7 45 10 49 26 44 4 33 5 7 4 18 48 24 42 32 27 19 13 36 43 0 39 9 49 43
24 18 26 42 20 27 36 27 49 39 8 30 39 41 46 7 14 8 27 15 27 48 13 44 46 4 4 8 3 47 10 19 18 38 30 49 36 33 5 49 25 32 39 24 17 4 16 26 24 29 20 9 1 23 6 9 26 45 47 34 40 8 19 15 36 27 6 37 46 27 34 40 5 36 44 17 29 9 35 3 1 42 36 4 2 23 10 16 44 41 28 11 17 38 15 39 0 46 33 26
28 36 35 16 34 48 34 2 23 39 4 26 7 23 49 27 44 49 42 27 25 18 45 6 44 4 26 48 39 29 10 18 2 40 44 41 3 32 17 11 1 37 1 44 12 32 48 47 44 46 32 14 31 43 14 1 27 3 41 18 40 44 6 46 3 24 10 40 43 5 23 26 8 32 16 23 31 9 7 42 26 13 14 34 17 3 4 18 10 29 6 4 47 11 2 9 46 0 4 1
12 19 7 23 25 23 43 25 49 19 2 48 23 33 39 33 27 10 8 21 32 2 7 18 31 18 42 10 33 43 6 5 46 17 25 47 26 27 7 23 2 3 9 44 3 48 48 16 7 36 34 31 7 38 28 33 18 18 43 34 48 37 4 9 23 8 34 48 43 2 29 10 28 10 8 2 45 35 18 16 20 11 19 15 43 16 7 3 20 19 2 17 49 16 25 49 33 4 0 31
48 32 48 21 37 9 15 14 23 36 37 36 43 24 48 39 10 7 8 36 42 16 43 1 15 26 15 6 19 15 7 10 26 9 5 31 13 46 1 26 42 29 6 37 30 39 10 9 7 18 36 28 32 9 28 46 42 43 47 43 26 37 40 47 13 47 21 36 23 42 36 32 12 8 29 13 23 1 31 10 37 32 23 46 6 10 20 33 15 37 1 36 41 9 7 43 26 1 31 0
